{"test_datasets": [{"exo_path": "/media/skr/storage/paper_reproduction/egoX/EgoX/example/in_the_wild/videos/joker/exo.mp4", "ego_prior_path": "/media/skr/storage/paper_reproduction/egoX/EgoX/example/in_the_wild/videos/joker/ego_Prior.mp4", "prompt": "[Exo view]\n**Scene Overview:**\nThe scene is set on a street in front of a hospital, indicated by the large \"EMERGENCY\" sign visible in the background. The ground is asphalt, marked with yellow lines, and appears to have debris scattered across it, including small rocks and larger pieces of material. To the left, a gray sedan is parked, partially obscured by smoke. In the background, an ambulance is visible, and smoke billows from the building, suggesting a fire or explosion. The building itself has large glass windows and a beige exterior. A red fire hydrant is positioned on the right side of the frame, and the area is shrouded in a haze of smoke, reducing visibility.\n\n**Action Analysis:**\nThe sequence begins with a figure standing in the middle of the street, wearing a white uniform with red trim. The figure's hands are initially positioned in front of them, possibly holding an object that is not clearly visible. In the second frame, the figure raises a small metallic object, which appears to be a lighter or similar item, with the right hand while the left hand remains open and slightly raised. The third frame captures a moment of ignition, as flames erupt in the background, indicating an explosion or fire. The figure's hands are now in a more dynamic position, with the right hand holding the lighter and the left hand moving as if reacting to the sudden event. In the final frame, the figure turns away from the explosion, with the left arm extended outward and the right hand still gripping the lighter. The transition from a static pose to a reactionary movement illustrates a shift from calm to urgency, as the figure responds to the unfolding chaos.\n\n[Ego view]\n**Scene Overview:**\nFrom the inferred first-person perspective, the environment appears chaotic and filled with smoke. The \"EMERGENCY\" sign looms in the background, indicating proximity to a hospital. The ground is uneven with debris scattered around, and the asphalt is hot underfoot. The figure's uniform is white with red trim, and the hands are visible, one holding a small metallic lighter. The view is partially obscured by smoke, creating a sense of urgency and confusion.\n\n**Action Analysis:**\nInitially, the hands are positioned in front of the body, with the lighter held in the right hand. As the lighter is ignited, the flames from the explosion in the background become visible, creating a stark contrast against the smoke-filled scene. The left hand instinctively raises, possibly in a defensive gesture or to shield from the heat. As the explosion occurs, the body reacts by turning away, with the left arm extending outward, suggesting a need to escape the immediate danger. The grip on the lighter remains firm, indicating a focus on the object even amidst the chaos. The sequence captures a rapid transition from a moment of stillness to an urgent response to an explosive event.", "camera_intrinsics": [[634.47327, 0.0, 392.0], [0.0, 634.4733, 224.0], [0.0, 0.0, 1.0]], "camera_extrinsics": [[1.0, 0.0, 0.0, 0.0], [0.0, 1.0, 0.0, 0.0], [0.0, 0.0, 1.0, 0.0]], "ego_intrinsics": [[150.0, 0.0, 255.5], [0.0, 150.0, 255.5], [0.0, 0.0, 1.0]], "ego_extrinsics": [[[0.6263, 0.7788, -0.0336, 0.3432], [-0.0557, 0.0018, -0.9984, 2.3936], [-0.7776, 0.6272, 0.0445, 0.1299]], [[0.6263, 0.7788, -0.0336, 0.3432], [-0.0557, 0.0018, -0.9984, 2.3936], [-0.7776, 0.6272, 0.0445, 0.1299]], [[0.6263, 0.7788, -0.0336, 0.3432], [-0.0557, 0.0018, -0.9984, 2.3936], [-0.7776, 0.6272, 0.0445, 0.1299]], [[0.6263, 0.7788, -0.0336, 0.3432], [-0.0557, 0.0018, -0.9984, 2.3936], [-0.7776, 0.6272, 0.0445, 0.1299]], [[0.6263, 0.7788, -0.0336, 0.3432], [-0.0557, 0.0018, -0.9984, 2.3936], [-0.7776, 0.6272, 0.0445, 0.1299]], [[0.6263, 0.7788, -0.0336, 0.3432], [-0.0557, 0.0018, -0.9984, 2.3936], [-0.7776, 0.6272, 0.0445, 0.1299]], [[0.6263, 0.7788, -0.0336, 0.3432], [-0.0557, 0.0018, -0.9984, 2.3936], [-0.7776, 0.6272, 0.0445, 0.1299]], [[0.6263, 0.7788, -0.0336, 0.3432], [-0.0557, 0.0018, -0.9984, 2.3936], [-0.7776, 0.6272, 0.0445, 0.1299]], [[0.6263, 0.7788, -0.0336, 0.3432], [-0.0557, 0.0018, -0.9984, 2.3936], [-0.7776, 0.6272, 0.0445, 0.1299]], [[0.6263, 0.7788, -0.0336, 0.3432], [-0.0557, 0.0018, -0.9984, 2.3936], [-0.7776, 0.6272, 0.0445, 0.1299]], [[0.6263, 0.7788, -0.0336, 0.3432], [-0.0557, 0.0018, -0.9984, 2.3936], [-0.7776, 0.6272, 0.0445, 0.1299]], [[0.6263, 0.7788, -0.0336, 0.3432], [-0.0557, 0.0018, -0.9984, 2.3936], [-0.7776, 0.6272, 0.0445, 0.1299]], [[0.6263, 0.7788, -0.0336, 0.3432], [-0.0557, 0.0018, -0.9984, 2.3936], [-0.7776, 0.6272, 0.0445, 0.1299]], [[0.6263, 0.7788, -0.0336, 0.3432], [-0.0557, 0.0018, -0.9984, 2.3936], [-0.7776, 0.6272, 0.0445, 0.1299]], [[0.6263, 0.7788, -0.0336, 0.3432], [-0.0557, 0.0018, -0.9984, 2.3936], [-0.7776, 0.6272, 0.0445, 0.1299]], [[0.6263, 0.7788, -0.0336, 0.3432], [-0.0557, 0.0018, -0.9984, 2.3936], [-0.7776, 0.6272, 0.0445, 0.1299]], [[0.6263, 0.7788, -0.0336, 0.3432], [-0.0557, 0.0018, -0.9984, 2.3936], [-0.7776, 0.6272, 0.0445, 0.1299]], [[0.6263, 0.7788, -0.0336, 0.3432], [-0.0557, 0.0018, -0.9984, 2.3936], [-0.7776, 0.6272, 0.0445, 0.1299]], [[0.6263, 0.7788, -0.0336, 0.3432], [-0.0557, 0.0018, -0.9984, 2.3936], [-0.7776, 0.6272, 0.0445, 0.1299]], [[0.6263, 0.7788, -0.0336, 0.3432], [-0.0557, 0.0018, -0.9984, 2.3936], [-0.7776, 0.6272, 0.0445, 0.1299]], [[0.6263, 0.7788, -0.0336, 0.3432], [-0.0557, 0.0018, -0.9984, 2.3936], [-0.7776, 0.6272, 0.0445, 0.1299]], [[0.6263, 0.7788, -0.0336, 0.3432], [-0.0557, 0.0018, -0.9984, 2.3936], [-0.7776, 0.6272, 0.0445, 0.1299]], [[0.5937, 0.797, 0.1108, 0.0105], [0.1835, -0.0, -0.983, 2.3119], [-0.7835, 0.604, -0.1463, 0.5908]], [[0.6263, 0.7788, -0.0336, 0.3432], [-0.0557, 0.0018, -0.9984, 2.3936], [-0.7776, 0.6272, 0.0445, 0.1299]], [[0.6263, 0.7788, -0.0336, 0.3432], [-0.0557, 0.0018, -0.9984, 2.3936], [-0.7776, 0.6272, 0.0445, 0.1299]], [[0.6263, 0.7788, -0.0336, 0.3432], [-0.0557, 0.0018, -0.9984, 2.3936], [-0.7776, 0.6272, 0.0445, 0.1299]], [[0.6263, 0.7788, -0.0336, 0.3432], [-0.0557, 0.0018, -0.9984, 2.3936], [-0.7776, 0.6272, 0.0445, 0.1299]], [[0.6263, 0.7788, -0.0336, 0.3432], [-0.0557, 0.0018, -0.9984, 2.3936], [-0.7776, 0.6272, 0.0445, 0.1299]], [[0.6263, 0.7788, -0.0336, 0.3432], [-0.0557, 0.0018, -0.9984, 2.3936], [-0.7776, 0.6272, 0.0445, 0.1299]], [[0.6263, 0.7788, -0.0336, 0.3432], [-0.0557, 0.0018, -0.9984, 2.3936], [-0.7776, 0.6272, 0.0445, 0.1299]], [[0.6263, 0.7788, -0.0336, 0.3432], [-0.0557, 0.0018, -0.9984, 2.3936], [-0.7776, 0.6272, 0.0445, 0.1299]], [[0.6263, 0.7788, -0.0336, 0.3432], [-0.0557, 0.0018, -0.9984, 2.3936], [-0.7776, 0.6272, 0.0445, 0.1299]], [[0.6263, 0.7788, -0.0336, 0.3432], [-0.0557, 0.0018, -0.9984, 2.3936], [-0.7776, 0.6272, 0.0445, 0.1299]], [[0.579, 0.8148, -0.0296, 0.3616], [-0.0725, 0.0153, -0.9973, 2.3958], [-0.8121, 0.5795, 0.0679, 0.0681]], [[0.5504, 0.8345, -0.0268, 0.3754], [-0.0807, 0.0212, -0.9965, 2.3915], [-0.831, 0.5506, 0.079, 0.0313]], [[0.5504, 0.8345, -0.0268, 0.3754], [-0.2379, 0.126, -0.9631, 2.3534], [-0.8003, 0.5365, 0.2679, -0.4261]], [[0.4363, 0.8994, 0.0271, 0.2731], [-0.3852, 0.2139, -0.8977, 2.2329], [-0.8132, 0.3812, 0.4398, -0.8935]], [[0.312, 0.936, 0.1627, -0.0043], [-0.714, 0.344, -0.6098, 1.5967], [-0.6268, 0.0741, 0.7757, -1.8443]], [[0.312, 0.936, 0.1627, 0.0035], [-0.6908, 0.3411, -0.6375, 1.6362], [-0.6522, 0.0865, 0.7531, -1.7862]], [[0.312, 0.936, 0.1627, 0.0035], [-0.737, 0.3465, -0.5803, 1.5531], [-0.5996, 0.0612, 0.798, -1.9485]], [[0.312, 0.936, 0.1627, 0.0158], [-0.8657, 0.3507, -0.3573, 1.0545], [-0.3915, -0.0293, 0.9197, -2.283]], [[0.312, 0.936, 0.1627, 0.0158], [-0.8657, 0.3507, -0.3573, 1.0545], [-0.3915, -0.0293, 0.9197, -2.283]], [[0.312, 0.936, 0.1627, 0.0158], [-0.8657, 0.3507, -0.3573, 1.0545], [-0.3915, -0.0293, 0.9197, -2.283]], [[0.312, 0.936, 0.1627, 0.0129], [-0.8657, 0.3507, -0.3573, 1.0636], [-0.3915, -0.0293, 0.9197, -2.283]], [[0.312, 0.936, 0.1627, 0.008], [-0.8657, 0.3507, -0.3573, 1.076], [-0.3915, -0.0293, 0.9197, -2.283]], [[0.312, 0.936, 0.1627, 0.016], [-0.8657, 0.3507, -0.3573, 1.0849], [-0.3915, -0.0293, 0.9197, -2.2638]], [[0.312, 0.936, 0.1627, 0.016], [-0.8657, 0.3507, -0.3573, 1.0849], [-0.3915, -0.0293, 0.9197, -2.2557]], [[0.312, 0.936, 0.1627, 0.016], [-0.8657, 0.3507, -0.3573, 1.0849], [-0.3915, -0.0293, 0.9197, -2.2494]], [[0.312, 0.936, 0.1627, 0.016], [-0.8657, 0.3507, -0.3573, 1.0849], [-0.3915, -0.0293, 0.9197, -2.2494]]]}]}